





# eta1rein = [0.995,0.345,0.995,0.995,0.445,0.465,0.915,0.88,0.215]
# eta2rein = [0.995,0.325,0.995,0.995,0.275,0.995,0.995,0.995,0.995]
# eta1td = [0.995, 0.995, 0.085, 0.995, 0.22, 0.995, 0.885, 0.995, 0.08]
# eta2td = [0.995, 0.995, 0.25, 0.995, 0.0, 0.995, 0.995, 0.995, 0.995]
# est_eta1_rein, var_est_eta1_rein, est_eta2_rein, var_est_eta2_rein, est_eta1_td, var_est_eta1_td, est_eta2_td, var_est_eta2_td = estimate_simulations(names, t1, t2, eta1rein, eta2rein,eta1td, eta2td)

# simulations_graph([1, 2, 3, 4, 5, 6, 7, 8, 9], [1.6, 0.35, 1, 4.1, 0.45, 0.45, 0.9, 0.9, 0.2],
#                   [2.454999999999999, 0.36750000000000005, 1.2440000000000004, 5.645499999999999, 0.5235, 0.48100000000000015, 1.0325000000000002, 1.0134999999999998, 0.19399999999999998],
#                   [4.312752525252526, 0.05562500000000001, 0.7203171717171719, 8.962984595959599, 0.09108358585858588, 0.0901909090909091, 0.2960795454545455, 0.37236641414141414, 0.020822222222222225],
#                   [1.3, 2.3, 3.3, 4.3, 5.3, 6.3, 7.3, 8.3, 9.3], [5.4, 0.35, 9.4, 4.05, 0.3, 2.55, 2.75, 5.3, 7.85],
#                   [8.216000000000008, 0.545, 9.462000000000014, 8.360000000000008, 0.4825, 3.4964999999999997, 5.420999999999999, 7.482500000000005, 8.83400000000001],
#                   [8.9935797979798, 1.928207070707071, 3.149501010101011, 9.769494949494952, 1.5824936868686872, 5.765568434343435, 14.057887878787882, 10.786837121212125, 3.6428727272727284],
#                   "REINFORCE")
# 
# simulations_graph([1, 2, 3, 4, 5, 6, 7, 8, 9], [1.35, 1.55, 0.1, 1.45, 1.5, 1.35, 1.75, 1.4, 1.9],
#                   [1.3355, 1.4865000000000002, 0.16800000000000015, 1.4425, 1.4775000000000003, 1.2494999999999998, 1.7479999999999998, 1.3920000000000001, 1.9074999999999998],
#                   [0.04173207070707071, 0.05373005050505051, 0.03825858585858586, 0.035119949494949496, 0.02956439393939394, 0.0999239898989899, 0.0042888888888888855, 0.03796565656565657, 0.0029987373737373757],
#                   [1.3, 2.3, 3.3, 4.3, 5.3, 6.3, 7.3, 8.3, 9.3], [1.05, 1.45, 1.95, 1.7, 0.4, 1.5, 1.55, 1.05, 1.35],
#                   [1.0114999999999996, 1.4060000000000001, 1.9519999999999993, 1.6634999999999998, 0.455, 1.4689999999999999, 1.5125000000000002, 1.0070000000000001, 1.3020000000000003],
#                   [0.08095227272727273, 0.04188282828282828, 0.0025212121212121203, 0.041911868686868685, 0.07421717171717172, 0.03271616161616162, 0.05921085858585859, 0.10853636363636365, 0.06534949494949495], "TD")
# 

# etas, avg1rein, avg2rein, avg1td, avg2td = calculate_models_success()
# print(etas, avg1rein, avg2rein, avg1td, avg2td)
# etas = [0.05, 0.1, 0.15, 0.2, 0.25, 0.3, 0.35, 0.4, 0.45, 0.5, 0.55, 0.6, 0.65, 0.7, 0.75, 0.8, 0.85, 0.9, 0.95]
# avg1rein = [50.27, 51.02, 52.59, 52.91, 53.4, 54.73, 55.02, 55.15, 55.48, 55.22, 56.97, 57.02, 58.36, 58.24, 57.68, 57.47, 57.67, 58.17, 58.11]
# avg2rein = [47.19, 44.57, 43.5, 42.91, 41.19, 41.32, 40.82, 41.15, 39.47, 40.42, 39.79, 38.57, 39.12, 38.63, 39.59, 39.42, 39.5, 38.95, 37.75]
# avg1td = [50.6, 50.38, 50.61, 50.79, 51.17, 50.22, 51.12, 51.48, 51.18, 51.21, 51.1, 51.14, 50.95, 52.21, 51.62, 52.07, 51.16, 51.7, 51.43]
# avg2td = [48.74, 49.38, 50.08, 50.06, 50.37, 50.38, 51.03, 50.8, 50.81, 51.52, 50.74, 50.09, 51.43, 51.06, 51.23, 50.97, 51.13, 50.56, 51.45]
# plot_models_success(etas, avg1rein, avg2rein, avg1td, avg2td)

# simulations_graph([1, 2, 3, 4, 5, 6, 7, 8, 9], [0.995, 0.995, 0.085, 0.995, 0.22, 0.995, 0.885, 0.995, 0.08],
#                   [0.851, 0.851, 0.165, 0.851, 0.331, 0.853, 0.794, 0.861, 0.231],
#                   [0.056, 0.056, 0.034, 0.056, 0.081, 0.053, 0.068, 0.052, 0.098],
#                   [1.3, 2.3, 3.3, 4.3, 5.3, 6.3, 7.3, 8.3, 9.3], [0.995, 0.995, 0.25, 0.995, 0.0, 0.995, 0.995, 0.995, 0.995],
#                   [0.851, 0.851, 0.338, 0.851, 0.020, 0.823, 0.847,  0.832, 0.874],
#                   [0.055, 0.055, 0.089, 0.055, 0.010, 0.051, 0.061, 0.072, 0.042],
#                   "TDL")
#
# simulations_graph([1, 2, 3, 4, 5, 6, 7, 8, 9], [0.995,0.345,0.995,0.995,0.445,0.465,0.915,0.88,0.215],
#                   [0.841,0.359,0.870,0.841,0.475,0.493,0.838,0.766,0.218],
#                   [ 0.047,0.051,0.038, 0.047,0.053,0.069,0.035,0.050,0.030],
#                   [1.3, 2.3, 3.3, 4.3, 5.3, 6.3, 7.3, 8.3, 9.3], [0.995,0.325,0.995,0.995,0.275,0.995,0.995,0.995,0.995],
#                   [0.657,0.278,0.638,0.657,0.309,0.823,0.608,0.711, 0.876],
#                   [0.168,0.064,0.203,0.168,0.090,0.078,0.206,0.159,0.031], "REINFORCE")
#
# etas, avg1rein, avg2rein, avg1td, avg2td = calculate_models_success()
# plot_models_success(etas, avg1rein, avg2rein, avg1td, avg2td)